946351728237986145158427369519874632684239517372165894863792451425618973791543286
869234571741658239253179486534916728982347165617582394476825913328491657195763842
823674519954321867671958324486213975512749638739865241265197483198436752347582196
597318642628457193134926758279685314416793825385241967862539471743162589951874236
135692874267418395489537612724185936698743521513926487841269753952374168376851249
297534168538169427641278593179643852456892731823715649315427986964381275782956314
468259731127638495359147268635492187872561943914873526243716859786925314591384672
321945876695837124487216935519682347873594261246173589938461752162758493754329618
645239817821674359379815264532496178716382945498157623263548791157963482984721536
376542891429178356185369427752613948813495672964827513637951284298734165541286739
283614579745389162196527384861945237932178456574236918317462895458791623629853741
295814367714936582638257194876495213459123678123678459582741936961382745347569821
354796821921384756768215394219438567547621938836957412685143279472569183193872645
289745316465213897173896254512478639937621548648359172821937465396584721754162983
837541629146289573925736148279468351618375294354192867783654912461923785592817436
834152796256739148719864253963475821472381965581296437345917682128643579697528314
864735219719462385253189746486527931321694578597318624132856497648973152975241863
274318596195426378386579142542837619619254837738961254927183465453692781861745923
291456387534728916768391254157643892943287561682519743316975428825134679479862135
315276489476981352982534617261359748853417296794862135137698524548723961629145873
431627985796845213825193764562378491389514627147962358958736142213459876674281539
324851967659374218178926345546132879917685423283497651432719586795268134861543792
968547312251396847437281956593628174812475693674913528349852761126739485785164239
196238475387546921524197863931452687265783149748619532413825796652974318879361254
371296458465187392289435167952368741714529683638714925546873219193652874827941536
759246138263518497148739256391652784674183529582974613815367942937421865426895371
235968714186724539749513826372645198498137652651289347824371965963852471517496283
413728659258639417679415382594281763182376594367954821746892135931567248825143976
742361895538294176619578243361725984874139562295846317127683459456912738983457621
389761254765294138124385679213846795648579312597132486456917823931428567872653941
467912385582376194139854672278469513613527948945138726396281457851743269724695831
938754261512639847476218935647392158285147693193586472321965784859471326764823519
418975236357126984269483157981237465632594718745618329593762841874351692126849573
371468295895321647426957831742139586958642713613875429137584962289716354564293178
128964573495372816367185294243619758756238149819457632971823465632541987584796321
386749152127358964549162873493275618261984735758613249632597481815426397974831526
647958123319627548258413679524386791736192485981745236892564317463871952175239864
457863129329741568168925437735218694682459371941637285814376952293584716576192843
324896715168752349795314628641978532279563481853241967487625193536189274912437856
384279516126584379579163284237498651418652793695317428942835167863721945751946832
632415987984376152175298436541827369723169548896543271317652894259784613468931725
261589374458367192379214568583671249947825631612493785895136427126748953734952816
256873419479125386138496275782649531364251798591387624925768143843512967617934852
513679842267348915489125367731862459645937128892514673974281536156793284328456791
158762394234891657967534218695317482423689175871425963712953846346178529589246731
596748213127359486348216597873521649612974358459683721985437162764192835231865974
731596248684271539259348671465129387193687452827453196942715863318964725576832914
154328679276159438893476251637984125912635784485217396328541967749863512561792843
586314279249578613371269458627185394495632187813947562758421936932856741164793825
621495837784132695395678214178563429249817563536249178463951782817324956952786341
485967312917235864326841957134672589568493271792518643843759126659124738271386495
123974856869152347754836129518749263376281594492563781935427618681395472247618935
134729568862514379597386412345297186621843957978651243483975621216438795759162834
329546178618379452475281639137698524862457391594132867951823746283764915746915283
259164387341798265687352491198647523734529618562813974923471856815936742476285139
439265817812739456765148923246593178587612349193874562628951734371486295954327681
239581467478396215615247389524718936961453728387962541746129853192835674853674192
329176458546389217178254396683912574295437681417568923851623749932741865764895132
284719356519386427763524819321467985648195732975238641456871293192643578837952164
135729648476358291892614357514296783687135429329487165748961532251843976963572814
968214573534786912217593648671428359359167284842359761425631897793845126186972435
469578123217963845538142697345691278692487351781235469974316582853724916126859734
495268173326175498817943562682519734739482651154736829963851247278694315541327986
123854679984376152675129384591748236236915847847632915458291763362487591719563428
739258146851674329426193578973426851584931267612785493397842615148567932265319784
457236198238159467169874235821967354376548921594321786782495613613782549945613872
627458391138729645549163278465981723712635489983247516876514932291376854354892167
631947285249185367857326914962734158475819632183652479324568791718293546596471823
258361794934758216167924358381672945576419823429583167843195672692847531715236489
268394517549127368317586492982613754654872931173945286825469173791238645436751829
894265371671349285235817964918724536542638719367951428483192657756483192129576843
284675391135289764967143258719368542326451987458792613891537426672914835543826179
261378594589146237347259861158697342623814975974532186715963428836425719492781653
156328974372649851489157236238561749594872613761493528625914387943785162817236495
271469538593182467486357129628514793754693281139278645915846372347925816862731954
869341572457628319132795648381562794724913865596487123678234951943156287215879436
784293561195647238326158947479812653853469172261375489937524816518936724642781395
129678354856324197374591628785213469412869735693457812241986573568732941937145286
239158764487962351561743289712586493854319627396274518173695842945827136628431975
364985217197642835852173469518239674649857123723416598231598746475361982986724351
468927153125348976397165428832574691614892735579631284943786512281459367756213849
241387596365192784798546231614739852923815467857624319179258643482963175536471928
725193846948726351136548297351967482284351679679284135517832964493615728862479513
728413956354269187196587324831974562275631849469852731983746215617325498542198673
132648597984357216567291483293186745458739621671425938825973164346512879719864352
524178639689324157137956284791582346453761928268493571346217895912845763875639412
476358192513926478298471536129587643735694281684213759957862314361749825842135967
235671948681349572479258361912536784547182693368497215826915437753864129194723856
287196435159348762643275891378561249415923678962784513534817926791652384826439157
768159324234768915951432786397684251412395867685271493879513642123946578546827139
753914268249685371816732945475263819398451627621879534967348152132597486584126793
521346978368197524479258316814579632952631487736482195195724863283965741647813259
172458369493126578685937241549273816218694753367581492954362187826715934731849625
789215463324769518615438279851927634937641852246853197168392745492576381573184926
623819754974356812185427936591684273362971548847235691456198327738542169219763485
358247961479163285162598473547839126891652347236471598783914652925386714614725839
526973184897145362314826579983254617645731298172689435759362841438517926261498753
273468951415397268896521473562143789147859632389276145728934516934615827651782394
971568234425973186683124597567419823194832765238657419759381642316245978842796351
293647581768159342514382697649273158187495236325816479852731964436928715971564823
278916345396457281451283967684135729125679438739824516962541873813792654547368192
972635814318249756546817293193582647465973128827164539254796381631428975789351462
294578613178326594635194278417289356586437921329615487953741862841962735762853149
654329781812657943793841256268915374549732618371486529425163897137298465986574132
576842139123795864894316725461527983758139642239684517987463251645271398312958476
452697318396158742187234956518369427923471685674582193831926574745813269269745831
963482517417359268258761439892145673174623895536897142789214356645938721321576984
256894731317625948948137256735946812461278593892351674589463127674512389123789465
134796852728145396659832714576924183982361475413587629867253941241679538395418267
719263458864175329325849671153726894247398165698451237476582913532914786981637542
358176429621349857794285316912637584865491732473528961287963145536714298149852673
267594138315687294489213567753129486894356721126748359971832645538461972642975813
129768534485931267637245819392476185718593642546812973254687391963124758871359426
127538496846179253935426178681247539392651847574893621419362785758914362263785914
294576138187394652365812974546927813839165247721438596453289761972641385618753429
293674815481529367567183294749258136152346978836791452324967581615832749978415623
263584917541397862978621534639872145452169378817435296724918653186753429395246781
123759648495628731678143295547296183219384567386517429964875312851432976732961854
457682139219437685836591724524369817681754293793218546965823471142975368378146952
139658247654729183872314659485976312791532468263481795526197834347865921918243576
952648731437159628186237495521364987743891256698572143214783569369415872875926314
864972513795314682312568794283157946679423158451689327936845271147296835528731469
468175239529834167731962845153486792942713586687529413896251374375648921214397658
219534867768291354534678291197826543842359176653147982926715438471983625385462719
678125934419673582235498176863712495794586321152349867527931648986254713341867259
368274159214395876795168342136427985987536214452981637673849521529713468841652793
184569327597382146623714598316897254875241639249635781758426913932178465461953872
125364897374892516869175324286417935913256478547938261752689143691543782438721659
316842759289175364457963812542631987638297145791584236164329578975418623823756491
653281497742359186189467253218546739935718624467932518821694375596173842374825961
413256978269871534578439126684317295152698347397542861945783612821964753736125489
349157862175862349628439175451978236793216458286543791817395624934621587562784913
428635197176984325359721684234158976785496231961273458813549762692817543547362819
957486312186239754234157869845792136621348597379615428493861275512974683768523941
279581634835496721461237985128743596694815273753629418542178369316952847987364152
382594716145376892796182354568219473439758621217463589653821947824937165971645238
629831457534976218817254396286519734395742861741683529452168973968327145173495682
368592174794183562125764938681345729973218645452679381846931257239457816517826493
927346185153978642864215973672534891315789426489162537596827314741693258238451769
746823951192745368853196247235481679617539824489267513971352486564978132328614795
368127495245398716179645328682514937734982651951763284416259873893471562527836149
315962487824571369769348512638125794241897653597634821453289176986713245172456938
751924368263815497894637152417392685925468713638571249579143826182756934346289571
372168549614359728895472136728546913543917862169283457437821695956734281281695374
315892467274316589689475312746938125953124678821567934437689251562741893198253746
862719435791354268345268719478591623539672184216483597123847956687925341954136872
875296134243718965196543287627481359358629741419375826962134578784952613531867492
671958234824136579359247186746592318912783645538461927167825493483619752295374861
143675892952381647876294531215936478394718265687452319728163954431529786569847123
924687315761345289583192746136758492497231658852469137378916524245873961619524873
612973584478625139539184276796312458253498617184567392867251943321749865945836721
467358291298146357135279486976832145312465879584791623859623714641987532723514968
273415689958362147146978352319687524865249713427531896584796231632154978791823465
892317465743695128165284937281463759937851642456729381679542813518936274324178596
762389154138245976495716832376594281519832467284167593957423618621978345843651729
517238946389645127264197538876319254125486379493752681951873462638924715742561893
154923876968174235372568194629315487583497612741682953836251749215749368497836521
859137624346295187172846593467983215538612749291754368983561472624378951715429836
189246357376958421425173869514632978268719543937485612752894136693521784841367295
287569143694321875153478926736185294921647358845932617572896431369714582418253769
316594287925378164478216359782439516543162798169785423857623941291847635634951872
351842796486197532297563184839756241614239857572481369163975428745628913928314675
513849267674321895982657431726198543358472619149563728237984156861235974495716382
352147986617895432498326157571682394839714625246539718724951863963278541185463279
124879635387465129596231487468357912251698743739124856612783594943516278875942361
791256348653489217284317965475198623168732459329564781917625834836941572542873196
381254679962371485547896213756942138829137546413568927675413892294785361138629754
812697534679435812435128769147382956256749381983561427768913245391254678524876193
384125796167948235295637814519263487648571923723894651832416579976352148451789362
734289516268514937159637284593728461816345792427961853972156348341892675685473129
385679412621458379479312568253867194164593827798124653542936781817245936936781245
857436192146289357293517468568943721971628543432175986319852674785364219624791835
635479128748123659129586473983254761216937584574618392351792846862345917497861235
137249856824657391965318742278193564493765218651482937386974125719526483542831679
296538147578214396314769852129387564867145239435692718952471683743856921681923475
281395746364172985597846132158237694639584271472619358915728463843961527726453819
894175236251368749376429158945637812187254693632891574413582967768913425529746381
218459736376218549495763218762845391954137682183926457847392165521684973639571824
829734615461259378375168294754983126198627543632415789946372851283541967517896432
386429517142578369975631284531894726728316495694257138863145972257983641419762853
193524867742186359856397124467218593538479612219635478371862945624953781985741236
258194376649573128371268954864932517125487639793651482932745861487316295516829743
842965173617843295359127648128376459593412867476598312965231784281754936734689521
987162345564837219231594687473981526612453978859276431348619752795328164126745893
391284765648957321725631849476593218582176493139428657213845976957362184864719532
347215689521968437689437215492186573165793842738542196953824761214679358876351924
427691358681537429395428167542869731739145682168372594914256873876913245253784916
613498527479523618285176439957614283861932745324857196146789352538261974792345861
325769814716854932498321675562978143937145286184632597853496721679213458241587369
724851396689743152513296478451637829368925741972418635136572984895364217247189563
267194358384625917591738264825946731613857492479312685948261573756483129132579846
183659247764128359925347681496782135532416978817935462678294513241573896359861724
745128396629537841318694257832719465976452183451863729197245638584376912263981574
481237569753496128296185437378641295624579381519328746937814652145962873862753914
281746359345819762769235184458372916192468537637591428813927645576184293924653871
427896315518347962963512784139458627754629138286731549895164273371285496642973851
349856271182379546567124389418637925295418637673295418821563794754982163936741852
743968125586172394192534786817296543435817269629453817374681952961725438258349671
167425893849613572325897146752138469613749285984562317538974621496251738271386954
792485316354761928618329547523697184846512793971834652137258469485976231269143875
847126935359874612216395874182639457563247189974581326721468593498753261635912748
974362518312584679586197234469835127257641893831279456723456981148923765695718342
345916287829375146167284359453861972281597463796432518674123895912658734538749621
172695438968374512435218679753981246619423785284567193897156324326749851541832967
365214987247895631189367254714638592692451378853729416926173845578942163431586729
857634912124589376396712854562893741483157629971246538235468197718925463649371285
325764819741892635869153427692435781458271963173689542917346258534928176286517394
796254138123768954584139672435817296261945387879326415347592861952681743618473529
236195748914678523578234691823951467469327185751486239182769354645813972397542816
381769245256148937749253816578924163164385792932617458817436529493572681625891374
572184369431569872869327154647298513295613748183745296726431985954872631318956427
297138645614527398358649712769483521143265987825791463931854276582976134476312859
129764358546839217378215946962147835753628194481593762235976481614382579897451623
128754396394816725576239184842375619635198247917642538481527963259463871763981452
917468352624953718358217649872649135465132897193875426739584261581326974246791583
591462837264873591378195264137689425682534179945721683719246358856317942423958716
451398267978162453362547981684273195725619834193485672839721546516934728247856319
163724589478569321295138467684912735751483692932657148816245973527396814349871256
486213579735984126129657384512348967847169235963725841278491653351876492694532718
634725981251983674789641532325497816946218357178356429862579143597134268413862795
517326489326849157894751263163287594475693812289514376951472638648935721732168945
271548693465397182893216574627851349158439267934672851742185936519763428386924715
286937145154286379379145682643729518817563294925814763461358927598672431732491856
387419526561382749429657831148926357753841962296735418634278195975163284812594673
217853469594267183863914257682539714149672835375148692438791526726385941951426378
351798426498216357267453198189345762736829541524167839845972613672531984913684275
812637594467895321359241786594763218238419657671528439946152873185374962723986145
451879623927356418863241795745193286298467531136528947374915862519682374682734159
248635791316497285759218436923564817485179623167823549694352178871946352532781964
264173895159684237387295146915746382723859614648312759891527463476931528532468971
126475398374869215598321647631794582742658139985132476217946853863517924459283761
239514867861397254457268931524671398918435672673982415342156789795843126186729543
392476518745981236618352497189643752274519683563728149927134865456897321831265974
296153487834679521157284639361597248542318796978426153413862975689745312725931864
831547269246391587597268134914873652358629471672154893469715328185932746723486915
468359271739126548251478639845961723673842195192537864386214957924785316517693482
158347269694125378237689451462593187379861542581472693813956724746238915925714836
451362789279485136638197542164879325782534961593216478327651894945728613816943257
394725861826419357571386924639842175157693482482571693243967518765138249918254736
498126375516387942372495861634758219257619438189234756823571694961843527745962183
254683197619247853873591246546328719398175624721469538487912365932856471165734982
548296731379481625126357894831564279267913548954872163692135487413728956785649312
351489276429567381687231495546378129738192564192654738265813947913746852874925613
894671352157382964236459178578934216361728549942165837783216495629543781415897623
549273681671854392328169547712938456495716238836425719153697824264381975987542163
425379186376182594189546273694238751257491368831657429518923647762814935943765812
549268371762135948831749265354682197698317524217594683423856719186973452975421836
564279831382156749719834256238567194476391528951428367693782415845913672127645983
271385694453796182986124573517938246694257318832641759365879421148562937729413865
356174298492386715718295364237851649561429837849763521125648973974532186683917452
138694257627315894459278631571426389284937516396581742962153478815742963743869125
374259681825316749916478235631794528498125367257863194143582976789631452562947813
391864257547231986268957314154379628789126543632548791975413862816792435423685179
371486952582197364469523718257649831948315627136278549813954276694732185725861493
162358974493627581875149263651792438987413625324586197216874359538961742749235816
391845267678312954452679813539126748817534629246798531123957486964283175785461392
279368541438915726165427839512739468794682153683154972926571384351846297847293615
249837165738156249615249378521483796476591832893762451387625914164978523952314687
137849256524367891689521743312458679495673128768192534871935462956284317243716985
758296134314785692926143587472361958635928741189457263597814326243679815861532479
863124957914576283257389614576813429321945876489267531748651392192438765635792148
238461579916785234457293168695128347341657892872349651784516923163972485529834716
396125748718634259254798163165372984839541672472869531583216497927453816641987325
391745268542861937786392154615983472423157896978426315869534721237618549154279683
526381749319476582847925613253197468168243975974568231685719324732854196491632857
315247986742689531689153724521764398497328165836591472954872613263915847178436259
163748259942156387578239146237614598681597432459382761826475913714963825395821674
976143528152786934438529167547938612683412759291657483729861345364275891815394276
521476389846923517739815426173582694692347158458691273985264731314758962267139845
347126859519438276268579341635984127172653984984712563793245618426891735851367492
792816354651374982348592176139468725824753691576129843965237418283941567417685239
641897352329546817587312469736128945198475236452639178273951684964783521815264793
936785412748129536125346798697218354284593671351674289873962145412857963569431827
924875136351694782768123549537469218689231457142587963473958621295316874816742395
321694578578321649469578321137269485684157932952483716793815264215746893846932157
216487395748539162539621478452713689961854237387296541874165923123948756695372814
652194783793628514148357692476281359581739426329465871235816947967542138814973265
762184359351697248489352716643719582197528463825436971974261835518973624236845197
793254186865913274241867935457129863938645721612378549584731692176492358329586417
237846591416395287859721463674912358185673942923458176791264835342587619568139724
418572369926348157537691248684713592792485631153926874245137986869254713371869425
123479568479586312586321974917248653345697281268153497851934726794862135632715849
715869324692435817843172965137924658456718293289653741571286439928341576364597182
236954178197386542458172639624795381873621495519843726942567813761238954385419267
984536271215897436763142895549781623326459718871263549492615387158374962637928154
429657183137829456586413972714935628652178349398264715241386597965742831873591264
893754126617923458245186379736291845458367912129548637362815794974632581581479263
254137869761589324389264157893672541426915738517348692932851476678423915145796283
416273598257986134839154276684791352395462817721538469548617923963825741172349685
831245679725369184964718235548123967319687452276594813183452796652971348497836521
167529834359684271248173956785912643612437589493865127576398412924751368831246795
972584631386971425514623798843265179167398254295417386638749512729156843451832967
293684157468715923157293468825479316649351782371862549982547631516938274734126895
748256913392178654516394827259837146481629375637415289923541768874962531165783492
398147256742956813156283497584632179619578324237491568921864735875329641463715982
162547389948136752753289164624758913579613428381492576835921647217364895496875231
364529781192784356578136942245913678683257194917648523421375869856491237739862415
579682314386914572214735896127468935698351427435279168862143759753896241941527683
613254879897361254245879631178536492524798316369142785781625943936417528452983167
748123956159768234632954718374692185895317462216485379963541827481276593527839641
759438261168279354432156897825764913673912485941583726297641538314895672586327149
154932678268754139793816245827691453936548721541327986482163597319475862675289314
458162739329758416716394582245873961193246857687519243862437195534921678971685324
762389154385146972914725863827593641693412587451867239276938415549671328138254796
946523718271648359358719246137482965694357182825196473413265897769831524582974631
267534198913876452548912763659321874182497635374685219431758926796243581825169347
629347185817652394534891627768925413342168759951473268293786541185234976476519832
394782615721365984856194372417538269589426137632971458278643591143859726965217843
497835126586712349123964587632549718819627435754183692368271954971458263245396871
436975218859216347172843965315728694924651783687439152541362879793184526268597431
862571394947236518315948276486793125539124867271685439623857941198462753754319682
824916375315274986679358124456897213237641859198523647763482591942135768581769432
281345679367928145459167283536289417894751362172634598615892734728413956943576821
397628451614375982258914376186592734572436198439187625943251867821763549765849213
167354289239861574548927163971438652654172398382596741895613427423785916716249835
623498175518372649794615238456931827237586491189247563342159786861723954975864312
465132798237849561981675234623984157794513826158267349842391675576428913319756482
246597381531684972978123564489316257127945638653278149862731495394852716715469823
261435978438679215759182346123847659546293187987516432812764593375921864694358721
273598164914376825856124379537269418649817532128435796782653941365941287491782653
316875429452319768789264135274693581893157642561482973648931257925748316137526894
783149526629573841514628937275931684368754192491286753947365218132897465856412379
784691523593247681621538794158372469467189352932456178819763245246915837375824916
698517423435628917127934586516379842279486135843152679384795261961243758752861394
645289317329751864817436259278364591594128673163975482782613945936547128451892736
764135289182694357539827614456789123271346598398512476847261935923458761615973842
748396125532178469169254738284567913673819254951423687415932876396781542827645391
298471536517386492463259718782695143145823967936147285329564871871932654654718329
193657428587492136264138597612875349375964812849213765451729683726381954938546271
731468259542197368869325147954612873627583491183749625396251784275834916418976532
319452786526873419748916235154637892962185374837249561493568127685721943271394658
954361278612897543738524196823619457497235681561478329279156834386742915145983762
647258319928134756153976428365841972271569843489723561732685194816497235594312687
857312964392468175146579328463721589571893246289645713928136457634257891715984632
421795638658341279379286451584639127236417985197852364943568712812973546765124893
456123978792845316318679245584362197631794582279518634843956721967281453125437869
761459283345128967289763145172896354934275618856314792628531479497682531513947826
925436871718925643346178592287694135693512487154387269879241356461753928532869714
794156328231478965568392714149283657657941283823567149982635471315724896476819532
321487596475169283689235174517398642893624715264751938946513827758942361132876459
871426395359781264462593718594368172618274953237159846186935427745812639923647581
145369287278541369639278451524687913891453726367912548486795132953126874712834695
765139284389426157142857639827594361951683472436271598513748926698312745274965813
861745923397812456254369187678254319423197568519638742182473695936521874745986231
487639215921587346536241987269718534748395621153462798812956473375824169694173852
579164328138279645462835791397486512625913874814527936286791453951348267743652189
685937412471528936293416758537864129864192375129375684346281597958743261712659843
863547912217389645945126837128463759539712468476958123652891374384675291791234586
271845639864329715539716284647593128912468573358172496725984361193657842486231957
845367129162598374973124586716832495254971638398456712587619243431285967629743851
167289345492563781358741296941638527573492168286157439729316854614825973835974612
621748593935162487748935612569824371172693854483571269257416938316289745894357126
235894761491736528867521493726489315389215647154673982978342156513968274642157839
687459231251367984349218675813746592724593168596821743962134857138975426475682319
431968275926375418578142693647583129859217364213694857195436782382751946764829531
658317249497826135321495768183549627945672813762138594519283476236754981874961352
892367154174852639563149287345618792981275346627934518738596421216483975459721863
185396247746825391329741586872913654534682719691574832957168423218437965463259178
458697231973214856162835479641359782395782164287146395819463527736521948524978613
473152698658497132291638457539724816862913745147586329316279584725841963984365271
258461739649378215731259468863742591495183627172695384387924156526817943914536872
521796834847153296369842175613289457495317682782465319936521748278934561154678923
357249168482163579916875432768524391291638745534917286645782913879351624123496857
145628379367549218289713645591436782678251493423987561816372954952864137734195826
183295467462371598957846312826159734794632185531487926215964873648713259379528641
812954637359267184467138529231796845786425391945813762623579418174682953598341276
142398576839657214657142398468915723321876459975423861293581647784269135516734982
384256719172398546569174283248735961691842357735961428423687195956413872817529634
594613287317284569268579143153826794679451328482937651936142875745368912821795436
685134792734296185129785346451368279367921458298457631513649827872513964946872513
842139657916725438357864129463582791128947563579613842731256984285491376694378215
813754269695182374472936158164528937589371642327649581241863795738295416956417823
821647539576938214943251678238574196197863425465129387689315742354782961712496853
253174689791568324486239571127396845648715932539482167875923416314657298962841753
123846759748951362596327418375284196462519873819673245637492581954138627281765934
789154263265837194314296857976481532148325679523679418857912346631748925492563781
852796134471385962693412875269138547734529618185674293917253486548967321326841759
654138729182479635973652814298345167537861942461297358326784591719523486845916273
517693284862475139493128657675239841928741563134586972756312498249867315381954726
845369127679812345231475869716958234528134976493726581962587413357241698184693752
197684325648325197325917684569231748281479563734568219856792431413856972972143856
325681794641397582879254163182763945794125638563849271236578419458916327917432856
874321695126589374593746812218957463349612587657438921732894156965173248481265739
394127658782356941651948237135794862426831795879265413268413579943572186517689324
427531968316892745895764312173248659948657123562319874684123597759486231231975486
873496512956213478241875693128359746437621985695748231362984157584167329719532864
139274685576398142248156793624537819387941256915862437792483561463715928851629374
294735168571846392836921745945687213127593486368412579482159637613278954759364821
761543928395281764428976135219364857857192346634857291173425689946738512582619473
145278369962531748378964215284617953759423186613895472421356897537189624896742531
692783415318524769745196823951467382873259641426318957137642598569831274284975136
328476195541298763679513284837642951162985437495137826986754312214369578753821649
982354167175869342346127859459213678621748593738596214263471985514982736897635421
975416823863572419142983765397645281654128397218739546786251934429367158531894672
231546798476839125598127436312674859784953612965281347849715263623498571157362984
632547198497861532158239647763954281841623975529718364316482759985176423274395816
269135478817469235534278916485723691623891547791654823142386759978512364356947182
653879241124365978879124653261543897597618324438297516786951432942736185315482769
187294356495836172326157849964728513278513694513469728849671235651342987732985461
678941235952368147314752689589624371127539468436187592263875914895413726741296853
397215486851467329246398157739524618682731945514986732925173864178642593463859271
247381596368459217915267384574923168689145723123678459732816945496532871851794632
367915284542386179918427536753249618294861753186573492875694321621738945439152867
152376948348192765697485132531267489984531627276849351413728596729653814865914273
231785946459236178867149532516427389723698415984513267178352694642971853395864721
176834925945726318382159746569487132813692574427513689638941257751268493294375861
864235197521769384793418526158972643632184759479356812216593478985647231347821965
475682193128493756693175284534219867719856342862347519347561928981724635256938471
513427698629831547487965123891754236345296871762183459154378962938642715276519384
821467359349852176765139248958341762234976581176528493587293614412685937693714825
276354198495168372813297645629731854384529716751846239932675481147982563568413927
769834215834152796251697834572418369498263157613579428147925683325786941986341572
647219538395468712128357496269581347834792651571643829916835274452176983783924165
361549728259378146874621935625983471138457692947216853793165284512894367486732519
329418657754926138618573294546781329297634581183259476432197865965842713871365942
219468537587293614346517289125674893634985172978132465851749326762351948493826751
394856271265174983187329564529683147831742695746591328618237459953468712472915836
158947362736125489924863175289754613463218597517396248841572936672439851395681724
218374569345689172967125348584961237126738495739452681891543726472816953653297814
276598134349176528185243976538412697417639852962857413823961745751384269694725381
597136428641829357283457619328571946169348572475692183836215794752964831914783265
486917523397256418215483796852671349739824651641395287924768135568132974173549862
531426798924578316678391425419637582852149637367285941193752864786914253245863179
216397548534628197897154632175289463628431975943576281761842359382965714459713826
417826395582394716639157824158439672274618953963572148396241587725983461841765239
821695743675843129493127586582916374947538612136274958368451297759382461214769835
219574368385296714647381259498132576153768492726945183961427835874653921532819647
735984621619352784428176593361297845847615239592438167973821456254763918186549372
351864297694172358287593146512647983479328561863951472925716834136485729748239615
647231859185947362239658147768423915924715683513896274496172538852364791371589426
132849675874165239659327184567218493423796518981534762745981326396472851218653947
964127385258369174713584269591673428342851697687942513835296741176438952429715836
549268137721359684638714295463985712295671348817423956174896523356142879982537461
638157294471239586259846173514968327792413658863572419126794835945381762387625941
364592178172368549589147623793456812216789435458213967947625381821934756635871294
385427916621389457497615238213548679546791823978236541762953184859174362134862795
317265489642798351895314672526179843184536927739482516261853794453927168978641235
829754316135629487467831259794312568682975143351486792548293671276148935913567824
341579268628314597957286134415698723279153486863427951134965872796842315582731649
259416837631879245487235691564327189812694573793158462945761328126983754378542916
823916547451378296796452318687294135142835679935761482264189753318527964579643821
854167329963248715172539684497321856236485197518796432341652978629873541785914263
732148695685329174149756382517692438963487521428513769871234956256971843394865217
596842731314576928782139645971325864438691572265487193643918257129753486857264319
261358479954762381837914256519283647428675193376491528682539714143827965795146832
867423951319758642425169783648517239732984516591632478274391865953876124186245397
963571284182349657457268931694125873315687492278934516841796325739452168526813749
392517468487632915165948237539274681624185379871369524943721856756893142218456793
376851942154629738298473516532964187941287653687135294465312879729548361813796425
351496287428357196796182534183945762264731958579268413847513629935624871612879345
895673214126894537473152869549387621637219485218546973381465792752938146964721358
946815723521437968837692145694523817173948652258761394415376289782159436369284571
297468153586317429143259768875946231619732845432581697368194572921675384754823916
381574926695182437247936185518493762436217598729658314163725849972841653854369271
698371245512486379347592681285964713173825964469137528936218457751643892824759136
549328716371649258682175439164837925298564371753912864435781692926453187817296543
241859376378462195596317428152674839639128547487935612923546781864791253715283964
576829143931456827482173956257391684364285791198647235719532468823764519645918372
854391276961725384273684195197542638346817952582936417425179863718463529639258741
154392678723861495968574213371649852682135947549728136497283561216957384835416729
591684327384527196276193548652438971817962453439715682923841765748356219165279834
421697835358241697697385214514829376286573149739164582173456928845912763962738451
674285139532914867198673542715436928329851674846729351987362415253148796461597283
481567392972138654365249178138675429546912783297384561653891247814726935729453816
725834619169725348348169725297458136816293574534617982951342867672981453483576291
628347519349158726175269843592831467483672195761495238856924371914783652237516984
459873261671952384328461795564127839932648517187539642893215476216784953745396128
972586143145397286386412579238645917761938425459271368897123654524869731613754892
246159738981437265375628194192346587438571629567982341653794812724813956819265473
314657928768129534952438176476281359189365247235794681897512463543976812621843795
381765294954238176267149853843671529619582347572394618136457982428913765795826431
845639127269175348371428659186394572927851436453267981712546893598713264634982715
251894376468375192739216584593642817682731459147958263316487925975123648824569731
321546789456798321789213645564327198812659437973184562247835916195462873638971254
759362184341578962286941573892657431165483297437129658574816329623794815918235746
567243819149786532382591467623174958895632174471958326936817245718425693254369781
578463291329175468164298357793521684641839725852647913216784539987356142435912876
218796435364582179579143682145238967683479251927615843831967524456321798792854316
849657231612843795357192846781936524523471689496285317964528173138769452275314968
295746318438129567167358429651437892942861753783592641326974185514283976879615234
579143268348526179126789453452967381681352794793418526215894637967231845834675912
524768391671394582839215764365927148148653279792481635917832456283546917456179823
751836249648295317392471865984157632523689174176324598837912456419568723265743981
493567281758312496261948573946873125517296348382154769879431652124685937635729814
678349215142856379953271684589162437467935128231487596894523761725618943316794852
612897354975324186438651297156789423347512869289463715761235948823946571594178632
281467935396582147547913826469728351172635489835194672958376214713249568624851793
136479825475286193982153476619748532258631749347925681861397254523864917794512368
391567248654821379782349615235614987819735462476982531127493856548276193963158724
128356794537492816964178352781569243643821579259734681896245137312987465475613928
264137859319586247785249316152674938473928561698351472827413695546792183931865724
786142359132859764954673281845721693627394518319568472261935847478216935593487126
475389162863152497291476853652891734734265981918743526527934618186527349349618275
914762358326845179578931264689423517132587496457196823291374685745618932863259741
295163784438795162716248953389571426567324891124986537653817249941652378872439615
536427891218359467749186325921834576357962148684571239872645913165293784493718652
589261437327485196146397285251649873934728651678513924792154368815936742463872519
754381926316249785829756134148572369597463218632198457981637542265914873473825691
274896135951423876836175294745612389682359417319784652127568943563941728498237561
527946381168723954394518267682374519451892736973165842245639178819457623736281495
